-1.42185819149017333984375
0.058813698589801788330078125
-0.59785902500152587890625
-1.23073732852935791015625
-0.584582626819610595703125
-0.3091775476932525634765625
0.03110948763787746429443359375
0.254128634929656982421875
-0.119168817996978759765625
-0.525336444377899169921875
1.5577847957611083984375
0.7604215145111083984375
1.0161354541778564453125
0.7773463726043701171875
0.63742339611053466796875
-0.2950155735015869140625
0.4670436382293701171875
1.02892363071441650390625
-0.08213301002979278564453125
0.4117201864719390869140625
-1.144966602325439453125
-0.06690932810306549072265625
-0.725933969020843505859375
-0.519213378429412841796875
-0.0756642818450927734375
0.475162208080291748046875
0.93435394763946533203125
1.23665535449981689453125
0.959078848361968994140625
0.766023814678192138671875
0.63555908203125
-0.3459326922893524169921875
-0.1876514852046966552734375
-0.0763780772686004638671875
0.009821641258895397186279296875
-0.54615604877471923828125
-0.199956476688385009765625
0.072369031608104705810546875
-0.077133797109127044677734375
-0.1690036952495574951171875
0.28429949283599853515625
-0.4888683259487152099609375
-0.53191649913787841796875
-0.8579616546630859375
-0.761630833148956298828125
0.4659778773784637451171875
0.305012404918670654296875
-0.49753654003143310546875
-1.09852802753448486328125
-0.180415809154510498046875
0.280618488788604736328125
0.047147922217845916748046875
-0.97245967388153076171875
0.096461720764636993408203125
0.12364430725574493408203125
0.2895750701427459716796875
0.2851564586162567138671875
1.3035995960235595703125
-0.738201618194580078125
-0.310856282711029052734375
1.08618962764739990234375
0.238989293575286865234375
0.07496555149555206298828125
-1.0496346950531005859375
0.21112199127674102783203125
-0.085506297647953033447265625
-1.106853008270263671875
-0.79103004932403564453125
1.1817233562469482421875
-2.59181308746337890625
-0.17528732120990753173828125
-0.37785279750823974609375
-2.2333900928497314453125
-1.33767044544219970703125
-0.534034430980682373046875
0.73158109188079833984375
-1.20618784427642822265625
-0.340487182140350341796875
-0.1395016014575958251953125
0.653568446636199951171875
0.17687092721462249755859375
-0.14389596879482269287109375
0.986761152744293212890625
-0.089413486421108245849609375
0.2748771011829376220703125
0.789905965328216552734375
-0.272809565067291259765625
-0.916799128055572509765625
0.116112925112247467041015625
0.21826875209808349609375
-0.30870926380157470703125
-0.171793997287750244140625
0.20602883398532867431640625
0.608922660350799560546875
0.69072306156158447265625
0.4008428156375885009765625
-0.26531696319580078125
-0.82576239109039306640625
0.66770827770233154296875
-1.63010346889495849609375
0.318205058574676513671875
-1.04386413097381591796875
-0.775943219661712646484375
-1.3504064083099365234375
1.4772663116455078125
-0.4585936963558197021484375
0.145081460475921630859375
-0.721894919872283935546875
1.205684661865234375
0.169066369533538818359375
-0.15314401686191558837890625
-0.3827032744884490966796875
-0.48708975315093994140625
-0.059393219649791717529296875
0.2929685115814208984375
0.442967236042022705078125
-0.546464979648590087890625
-1.03516948223114013671875
0.3894281089305877685546875
0.459585964679718017578125
-0.4354641139507293701171875
0.544299423694610595703125
-0.01734513603150844573974609375
0.285446941852569580078125
0.4968526661396026611328125
0.4736905395984649658203125
-0.15016470849514007568359375
0.0851989686489105224609375
-0.086641252040863037109375
-0.792134761810302734375
0.835649549961090087890625
-1.18793094158172607421875
-0.14955870807170867919921875
-0.710804402828216552734375
0.0588634274899959564208984375
-1.34558868408203125
-0.4552725255489349365234375
-0.0394409596920013427734375
0.961125791072845458984375
-0.968599259853363037109375
-0.3832943439483642578125
-0.16646160185337066650390625
0.19196121394634246826171875
-0.6648871898651123046875
-0.011921913363039493560791015625
0.669008731842041015625
0.4199568927288055419921875
-0.127460420131683349609375
0.708291232585906982421875
-0.35348570346832275390625
-0.20049645006656646728515625
-0.779349625110626220703125
0.511667907238006591796875
0.299906313419342041015625
-0.707189977169036865234375
-0.95297062397003173828125
0.60070312023162841796875
0.2383122146129608154296875
-0.0101780109107494354248046875
-0.15331332385540008544921875
-0.598926246166229248046875
0.2025840282440185546875
0.14262028038501739501953125
0.0910125076770782470703125
-0.1593602597713470458984375
-0.4764566719532012939453125
0.3996753692626953125
-1.6922614574432373046875
-0.1614585816860198974609375
-0.8785517215728759765625
0.833736836910247802734375
-0.3210977613925933837890625
-0.31483185291290283203125
-1.29131031036376953125
-0.3157200515270233154296875
0.18066839873790740966796875
0.965112984180450439453125
0.34808504581451416015625
0.21045549213886260986328125
-2.165052890777587890625
-0.700702846050262451171875
-0.1571787297725677490234375
-1.072397708892822265625
-0.973284423351287841796875
0.2746298015117645263671875
0.223100006580352783203125
0.33007562160491943359375
-0.313949048519134521484375
0.74943196773529052734375
0.8665864467620849609375
0.095972537994384765625
-0.129989206790924072265625
-0.25493228435516357421875
-0.54904162883758544921875
-0.4046608507633209228515625
0.2952618300914764404296875
0.269721567630767822265625
-0.2927213609218597412109375
0.21514464914798736572265625
0.22073365747928619384765625
0.358139455318450927734375
-0.26212787628173828125
-0.1655347645282745361328125
-0.8339593410491943359375
0.44056665897369384765625
-0.3336273729801177978515625
0.065051615238189697265625
-0.4164235293865203857421875
-0.00127328373491764068603515625
0.576621592044830322265625
-0.3399845659732818603515625
-0.8252017498016357421875
0.463025391101837158203125
-0.3052593171596527099609375
0.89964735507965087890625
-1.472969532012939453125
-0.05410160124301910400390625
0.049248225986957550048828125
0.279504358768463134765625
-0.743042647838592529296875
0.059617273509502410888671875
-0.0492199026048183441162109375
-0.418365001678466796875
0.20682303607463836669921875
0.60369861125946044921875
0.0167271010577678680419921875
0.682736814022064208984375
-0.3282183706760406494140625
-0.4695799052715301513671875
0.100824914872646331787109375
-0.1587634384632110595703125
-0.24497584998607635498046875
0.1338928043842315673828125
-1.034425258636474609375
0.0234005935490131378173828125
0.672215282917022705078125
-0.752478539943695068359375
0.065546207129955291748046875
0.349360883235931396484375
0.102829746901988983154296875
-0.02336866967380046844482421875
-0.844661414623260498046875
-1.011033535003662109375
0.62740814685821533203125
-0.5831463336944580078125
0.1429676711559295654296875
-0.507459163665771484375
0.744526803493499755859375
-0.877872407436370849609375
0.311517059803009033203125
-0.3335843384265899658203125
0.24795567989349365234375
0.17449750006198883056640625
0.530385494232177734375
0.60460031032562255859375
0.83643996715545654296875
-1.28651630878448486328125
0.14832644164562225341796875
-0.4982634484767913818359375
0.0258068032562732696533203125
-0.8003580570220947265625
1.42912006378173828125
-0.511971294879913330078125
-0.23342311382293701171875
0.06961822509765625
0.14904431998729705810546875
0.432100951671600341796875
-0.300406515598297119140625
0.9769008159637451171875
0.798078238964080810546875
-0.81828629970550537109375
0.3876836597919464111328125
-0.23903572559356689453125
1.37934195995330810546875
0.5694224834442138671875
1.68489348888397216796875
0.143966197967529296875
-0.116697303950786590576171875
0.378309428691864013671875
0.79299175739288330078125
-0.4199989736080169677734375
0.728670775890350341796875
-0.12699533998966217041015625
0.2384363114833831787109375
-0.68391323089599609375
0.0195036269724369049072265625
0.0433624498546123504638671875
-0.75665676593780517578125
0.594539642333984375
1.72273540496826171875
-0.8978197574615478515625
1.858142852783203125
-1.72878682613372802734375
0.8950622081756591796875
0.1802727878093719482421875
-0.968488872051239013671875
1.30222523212432861328125
0.3989776670932769775390625
-0.080773539841175079345703125
0.71700191497802734375
-0.0044054202735424041748046875
0.352383911609649658203125
-0.1585719585418701171875
0.832969605922698974609375
0.99271523952484130859375
1.4830200672149658203125
0.05968154966831207275390625
2.3137962818145751953125
1.23548805713653564453125
-0.0597456060349941253662109375
1.13984382152557373046875
-1.6219341754913330078125
1.58667290210723876953125
0.13581979274749755859375
0.3078610599040985107421875
0.81331729888916015625
0.559937179088592529296875
0.258861482143402099609375
1.998941898345947265625
-0.2372215092182159423828125
-0.62193763256072998046875
-0.0581858344376087188720703125
-0.01535237394273281097412109375
1.162296772003173828125
0.4984515607357025146484375
-1.03790652751922607421875
0.99456155300140380859375
1.99974822998046875
1.8968079090118408203125
0.22740423679351806640625
0.907396852970123291015625
1.36705303192138671875
0.578351795673370361328125
0.9745047092437744140625
1.17123568058013916015625
1.54021739959716796875
-0.13233686983585357666015625
0.5067451000213623046875
2.147756099700927734375
0.5426833629608154296875
-1.02144849300384521484375
0.7024993896484375
2.199611186981201171875
-0.23286990821361541748046875
1.8632190227508544921875
-0.782730042934417724609375
0.02925523929297924041748046875
0.62198722362518310546875
0.1559402942657470703125
-0.26514923572540283203125
2.008026123046875
0.3340775072574615478515625
-0.4436381161212921142578125
1.86985290050506591796875
-0.2555696070194244384765625
0.763129055500030517578125
0.7334668636322021484375
0.505358994007110595703125
0.722638905048370361328125
-0.71539962291717529296875
-0.60645782947540283203125
2.22836399078369140625
0.2336747944355010986328125
-0.079871140420436859130859375
1.73250102996826171875
0.812266767024993896484375
0.9437558650970458984375
-0.2216965258121490478515625
1.34985601902008056640625
-0.365706861019134521484375
1.03214538097381591796875
2.360417842864990234375
-0.05489479005336761474609375
0.42331445217132568359375
-1.00162446498870849609375
1.446343898773193359375
0.3524192869663238525390625
1.38083112239837646484375
0.798785984516143798828125
0.02169992960989475250244140625
1.58501875400543212890625
-0.14405901730060577392578125
-0.250719845294952392578125
0.4494168758392333984375
0.044117026031017303466796875
1.27474939823150634765625
1.030895709991455078125
1.08745324611663818359375
0.582464635372161865234375
0.12281255424022674560546875
1.353106975555419921875
1.56935751438140869140625
-0.905290424823760986328125
0.924452841281890869140625
1.04736125469207763671875
0.818086326122283935546875
0.2394010722637176513671875
0.561188876628875732421875
1.17351663112640380859375
-0.2836734354496002197265625
-1.2912638187408447265625
1.4670522212982177734375
-0.629003226757049560546875
1.640778064727783203125
1.12034380435943603515625
0.4165327548980712890625
-0.622879922389984130859375
-0.1672393381595611572265625
-0.10839481651782989501953125
0.505124747753143310546875
-0.2886619269847869873046875
1.02111017704010009765625
0.611712753772735595703125
-0.21766360104084014892578125
0.944236934185028076171875
-1.02036345005035400390625
0.2588509619235992431640625
0.833159148693084716796875
1.2758829593658447265625
-0.69481337070465087890625
0.991762459278106689453125
0.896408736705780029296875
-0.0558441095054149627685546875
-0.01883197017014026641845703125
0.551526129245758056640625
-1.07219600677490234375
0.391590535640716552734375
-2.02269077301025390625
-0.056371860206127166748046875
-0.16553659737110137939453125
-0.009859290905296802520751953125
0.12921129167079925537109375
-0.1948813498020172119140625
0.3075027167797088623046875
-0.7890036106109619140625
-1.48592078685760498046875
1.28561365604400634765625
0.561135232448577880859375
-0.097953327000141143798828125
-1.3301470279693603515625
-0.7141344547271728515625
-1.84421098232269287109375
-0.997828662395477294921875
0.3432871997356414794921875
-0.431062996387481689453125
-0.671445310115814208984375
-0.2316625416278839111328125
0.6698920726776123046875
-0.55533897876739501953125
-0.52399551868438720703125
0.56389129161834716796875
-0.51542532444000244140625
0.4744560718536376953125
-0.1480452716350555419921875
-0.587258756160736083984375
-0.3060926496982574462890625
-0.947827756404876708984375
-0.53998434543609619140625
0.73158848285675048828125
-0.2705355584621429443359375
-1.26609051227569580078125
0.6542379856109619140625
-1.41371929645538330078125
-0.33050978183746337890625
-0.35122096538543701171875
-2.0828845500946044921875
-1.166752338409423828125
-0.1696732044219970703125
-1.3757398128509521484375
-2.1250879764556884765625
-0.488483607769012451171875
0.14356590807437896728515625
-0.04537808895111083984375
-0.123731710016727447509765625
-0.075711123645305633544921875
-0.79415810108184814453125
0.55554687976837158203125
-1.48988819122314453125
0.573114335536956787109375
0.1606440246105194091796875
-2.0402061939239501953125
-0.96989381313323974609375
-0.0551425851881504058837890625
-0.039410807192325592041015625
-0.513280391693115234375
-1.08269977569580078125
1.3330914974212646484375
-0.7036097049713134765625
0.106387190520763397216796875
1.96861362457275390625
-0.648611724376678466796875
-0.651607215404510498046875
-1.3679997920989990234375
-0.989258468151092529296875
-1.006443500518798828125
-1.1882250308990478515625
-0.2768587768077850341796875
0.189676761627197265625
-0.705944538116455078125
-0.1174643039703369140625
-0.823279917240142822265625
0.261702358722686767578125
-1.4265515804290771484375
-0.694531381130218505859375
-1.1474225521087646484375
-0.979930222034454345703125
-1.10513019561767578125
-0.634643971920013427734375
-0.898704051971435546875
-1.45567953586578369140625
-0.4138920009136199951171875
0.53133428096771240234375
-0.182357966899871826171875
-0.113045893609523773193359375
-0.3148801326751708984375
0.071343012154102325439453125
-1.21502673625946044921875
-0.421047627925872802734375
-0.3259169161319732666015625
-1.114653110504150390625
-1.25746667385101318359375
-0.71619880199432373046875
-1.0194985866546630859375
-0.84085667133331298828125
-1.19524383544921875
-0.2028432786464691162109375
0.486168563365936279296875
-1.85353577136993408203125
-0.2888567149639129638671875
0.16003693640232086181640625
-0.345591247081756591796875
-0.737316668033599853515625
-0.3193041384220123291015625
-0.968455493450164794921875
-1.4453945159912109375
-0.638135015964508056640625
0.342232167720794677734375
0.428184032440185546875
0.4236635267734527587890625
-0.746016323566436767578125
0.3235552608966827392578125
0.19818603992462158203125
-0.44743120670318603515625
-0.27955329418182373046875
0.520817458629608154296875
-2.1962931156158447265625
-0.121002264320850372314453125
-0.554706096649169921875
-0.558196544647216796875
-0.894384205341339111328125
-0.107404150068759918212890625
-0.984744131565093994140625
1.78408968448638916015625
-1.12040579319000244140625
0.907401859760284423828125
-0.55374991893768310546875
0.436194241046905517578125
-1.8834583759307861328125
0.01486725918948650360107421875
-0.813572108745574951171875
0.16105814278125762939453125
0.662370502948760986328125
-0.506880342960357666015625
0.959362089633941650390625
1.00924885272979736328125
1.212057590484619140625
0.0052445870824158191680908203125
0.01332715712487697601318359375
1.40497720241546630859375
-1.29644811153411865234375
0.1069808900356292724609375
-0.00345739908516407012939453125
-0.3989162147045135498046875
-1.43500697612762451171875
-0.438258230686187744140625
0.18408906459808349609375
0.720389306545257568359375
0.17216183245182037353515625
1.0342910289764404296875
1.0630834102630615234375
-1.5189235210418701171875
0.1569772660732269287109375
0.060882128775119781494140625
0.1367108821868896484375
-0.718851506710052490234375
-0.08670289814472198486328125
0.691383183002471923828125
-0.18732766807079315185546875
0.5705053806304931640625
-0.840951621532440185546875
0.726738274097442626953125
-0.337050914764404296875
0.2537313401699066162109375
1.914165973663330078125
-0.4320106208324432373046875
0.34408509731292724609375
-0.559162437915802001953125
-1.37472975254058837890625
-0.342373907566070556640625
-1.0150306224822998046875
0.3495895564556121826171875
-1.11330282688140869140625
0.15894152224063873291015625
0.696876108646392822265625
-0.53744411468505859375
-0.6431484222412109375
0.429378509521484375
-0.2389751374721527099609375
-0.23785088956356048583984375
-0.845604956150054931640625
-0.975982189178466796875
-1.37548530101776123046875
-0.2962072193622589111328125
-1.7181761264801025390625
0.4877841174602508544921875
-0.4430127441883087158203125
0.701875269412994384765625
0.1055445969104766845703125
-1.99536716938018798828125
0.643877327442169189453125
-0.4639147818088531494140625
0.3068566024303436279296875
1.0242023468017578125
-0.11546121537685394287109375
0.1494458615779876708984375
-1.46309053897857666015625
-0.00331238168291747570037841796875
0.825349330902099609375
-0.140036284923553466796875
-1.832488536834716796875
0.659122049808502197265625
0.1910778582096099853515625
-0.10800077021121978759765625
-0.563384711742401123046875
-1.44942700862884521484375
-1.3108236789703369140625
-0.506774485111236572265625
-0.4957441389560699462890625
-0.48560726642608642578125
-1.6520404815673828125
-1.29751217365264892578125
-0.715935528278350830078125
0.21777640283107757568359375
-0.3966551125049591064453125
-1.81203734874725341796875
2.08215236663818359375
-1.2885761260986328125
-0.06722223758697509765625
-0.95193326473236083984375
-0.1742458343505859375
-1.797902584075927734375
-0.511390030384063720703125
-1.66059970855712890625
0.302645146846771240234375
-2.13181591033935546875
-1.0940310955047607421875
-0.0119621567428112030029296875
0.331404864788055419921875
-0.608095467090606689453125
-0.012113469652831554412841796875
0.2614443600177764892578125
-1.64521181583404541015625
-0.0440482385456562042236328125
-0.408406794071197509765625
-0.98759663105010986328125
-1.45163953304290771484375
-0.44217932224273681640625
-1.27776873111724853515625
-0.5342366695404052734375
-1.2873933315277099609375
-1.81104564666748046875
0.7731952667236328125
-0.888131082057952880859375
0.181510865688323974609375
-0.8480892181396484375
-1.545361995697021484375
-0.2829650938510894775390625
-0.4229392707347869873046875
-0.796758472919464111328125
-1.45571959018707275390625
-0.576475799083709716796875
-0.911935329437255859375
-0.514458358287811279296875
-0.2709615230560302734375
-0.53840959072113037109375
-0.4359304904937744140625
1.27384316921234130859375
-1.52957057952880859375
-0.763952434062957763671875
-0.602354943752288818359375
-0.533361852169036865234375
-0.1750652790069580078125
-0.944839775562286376953125
-0.695635855197906494140625
0.1370426714420318603515625
-0.15418429672718048095703125
-0.4169069826602935791015625
-0.08347748219966888427734375
-0.9171049594879150390625
-0.3376580774784088134765625
-0.31732356548309326171875
-0.77029478549957275390625
-0.56401729583740234375
-1.494041919708251953125
0.632477939128875732421875
-1.82682836055755615234375
-0.49975502490997314453125
-1.3360500335693359375
-1.72328889369964599609375
-0.87729132175445556640625
-0.5114414691925048828125
-0.17006079852581024169921875
0.847131073474884033203125
-1.042384624481201171875
-0.776557028293609619140625
-0.19626200199127197265625
-1.14739716053009033203125
-0.4051610529422760009765625
-1.60579383373260498046875
-0.868026554584503173828125
-0.108698785305023193359375
-0.4050498306751251220703125
-2.1794459819793701171875
0.1098775565624237060546875
-1.02239239215850830078125
0.2996951639652252197265625
-0.87284004688262939453125
-0.857696533203125
-1.13961946964263916015625
-0.494100093841552734375
-1.536915302276611328125
-0.0943934023380279541015625
-1.97330474853515625
-0.888155400753021240234375
-0.602124273777008056640625
0.1349454820156097412109375
-2.6686136722564697265625
-0.889291942119598388671875
0.4484117031097412109375
-0.6055424213409423828125
-1.02062141895294189453125
-0.331000983715057373046875
-0.3286337554454803466796875
-0.776414394378662109375
-0.541945636272430419921875
-0.530178368091583251953125
-1.59216296672821044921875
-0.088172495365142822265625
-1.435490131378173828125
-0.5298497676849365234375
-0.55194914340972900390625
-1.11929428577423095703125
0.545298039913177490234375
0.147991478443145751953125
-1.16609096527099609375
0.047690875828266143798828125
-1.21466529369354248046875
-0.082341216504573822021484375
-1.42348480224609375
-0.448995172977447509765625
-0.13428600132465362548828125
-0.909693896770477294921875
0.2866052687168121337890625
0.1871496737003326416015625
1.1375720500946044921875
1.47793114185333251953125
1.6152422428131103515625
-0.64682292938232421875
1.11915218830108642578125
0.276238620281219482421875
-0.724107444286346435546875
0.05606268346309661865234375
-0.2758700847625732421875
1.16871631145477294921875
-0.425162494182586669921875
-1.81301176548004150390625
-0.56799685955047607421875
-0.008830659091472625732421875
0.60513174533843994140625
0.084677763283252716064453125
0.742170035839080810546875
-0.00070029660128057003021240234375
1.36876666545867919921875
1.4378731250762939453125
-0.2380289733409881591796875
-0.045068927109241485595703125
-1.87716233730316162109375
0.990825355052947998046875
0.082916878163814544677734375
0.84531939029693603515625
0.99621593952178955078125
-0.0243492014706134796142578125
1.43271195888519287109375
0.3758501708507537841796875
1.5049498081207275390625
-0.3819365799427032470703125
0.5230839252471923828125
0.0315456055104732513427734375
0.784370899200439453125
0.910186111927032470703125
0.2732519805431365966796875
0.3383464813232421875
0.111903257668018341064453125
0.612091004848480224609375
1.84055626392364501953125
-0.705972373485565185546875
1.96987688541412353515625
1.504853725433349609375
-0.13978938758373260498046875
1.456775188446044921875
-0.590310513973236083984375
0.214681148529052734375
0.4967988431453704833984375
-0.717972338199615478515625
0.427091777324676513671875
0.6231830120086669921875
0.97508370876312255859375
0.16354720294475555419921875
1.7818872928619384765625
-0.015458949841558933258056640625
2.1251399517059326171875
0.2643913924694061279296875
1.36202085018157958984375
-0.3294717371463775634765625
1.29371178150177001953125
0.4851782023906707763671875
-1.40619885921478271484375
0.250953972339630126953125
1.31842517852783203125
1.29219686985015869140625
-1.10356318950653076171875
0.71635341644287109375
1.30135977268218994140625
1.1825959682464599609375
0.537651956081390380859375
1.11027848720550537109375
2.5350334644317626953125
-1.45395338535308837890625
-0.569685757160186767578125
1.073833465576171875
1.235672473907470703125
1.554570674896240234375
2.0131032466888427734375
1.1689708232879638671875
0.968242645263671875
1.7878735065460205078125
1.31742012500762939453125
1.31672441959381103515625
0.5868442058563232421875
2.56022739410400390625
0.287599027156829833984375
-0.564028203487396240234375
0.331526696681976318359375
-0.58097302913665771484375
0.85048758983612060546875
1.7676918506622314453125
-0.4334990680217742919921875
0.992163479328155517578125
2.8203465938568115234375
0.9172174930572509765625
0.631552517414093017578125
0.765498578548431396484375
1.4851691722869873046875
0.32304251194000244140625
-0.508870899677276611328125
0.4253292083740234375
0.783640563488006591796875
0.1867080628871917724609375
1.4988765716552734375
1.1999747753143310546875
0.843654930591583251953125
1.45081436634063720703125
2.41545963287353515625
2.9352867603302001953125
-0.3773114681243896484375
1.30767548084259033203125
2.1827771663665771484375
0.51745402812957763671875
0.780191004276275634765625
-1.41381514072418212890625
0.968453824520111083984375
-0.584675133228302001953125
0.790163815021514892578125
2.0641613006591796875
0.73390305042266845703125
2.12389659881591796875
0.875698745250701904296875
1.77802932262420654296875
1.487494945526123046875
-0.249700725078582763671875
-1.4053890705108642578125
0.53953635692596435546875
-0.4159452021121978759765625
1.2273099422454833984375
2.3306391239166259765625
0.2623690068721771240234375
1.979547977447509765625
0.742633998394012451171875
1.94570505619049072265625
1.20940792560577392578125
0.91860520839691162109375
0.26810729503631591796875
-0.5505454540252685546875
-0.4209635257720947265625
-1.18992722034454345703125
-0.21409155428409576416015625
-0.992312610149383544921875
1.29777920246124267578125
0.2705462872982025146484375
1.08432805538177490234375
-0.16236121952533721923828125
0.7078630924224853515625
0.65912544727325439453125
1.8293476104736328125
0.8109226226806640625
0.1690277755260467529296875
1.244737148284912109375
-1.7862951755523681640625
-1.2031524181365966796875
-0.355479896068572998046875
2.2240960597991943359375
-0.091622255742549896240234375
0.989179551601409912109375
1.44930374622344970703125
-0.2967141568660736083984375
1.67165172100067138671875
-0.120587326586246490478515625
-0.696291506290435791015625
0.940886557102203369140625
-1.279762744903564453125
-0.770844042301177978515625
-1.51327669620513916015625
1.22446382045745849609375
-0.090725041925907135009765625
0.408821523189544677734375
-0.038224108517169952392578125
0.80419361591339111328125
-1.376806735992431640625
0.3765111863613128662109375
0.3088980615139007568359375
-0.1796610355377197265625
-0.16317756474018096923828125
-0.383679866790771484375
0.15091192722320556640625
-1.09922492504119873046875
-0.759822189807891845703125
0.835045278072357177734375
-0.518104016780853271484375
0.38490784168243408203125
-1.3755414485931396484375
-0.57418525218963623046875
-1.63531267642974853515625
-0.02876206301152706146240234375
0.1491409838199615478515625
-0.32935965061187744140625
-0.658901154994964599609375
0.4635033309459686279296875
-0.65967142581939697265625
0.2444486320018768310546875
-0.2695724070072174072265625
0.74705159664154052734375
-0.0209021233022212982177734375
0.0587901808321475982666015625
0.7468593120574951171875
-0.702668666839599609375
-1.7654368877410888671875
0.9185619354248046875
-1.856262683868408203125
1.69375836849212646484375
-0.85132443904876708984375
-0.23948208987712860107421875
0.998320877552032470703125
-1.27331674098968505859375
-0.3829991519451141357421875
0.155846774578094482421875
-0.777106344699859619140625
-0.107720397412776947021484375
-0.37806618213653564453125
0.18189750611782073974609375
-0.95581209659576416015625
-0.91504991054534912109375
-1.59591197967529296875
-0.06476826965808868408203125
-2.2238295078277587890625
-1.2153956890106201171875
0.076825223863124847412109375
-1.02552592754364013671875
1.74365270137786865234375
-1.5866405963897705078125
-0.18474137783050537109375
-0.3528843224048614501953125
-0.819334924221038818359375
-0.49744379520416259765625
-0.2601563036441802978515625
-1.88839244842529296875
0.3390988409519195556640625
0.62334978580474853515625
0.005971801467239856719970703125
-0.008131633512675762176513671875
-1.11106014251708984375
-0.4754827320575714111328125
1.12033069133758544921875
-1.07752454280853271484375
-1.98282063007354736328125
-1.91331636905670166015625
-0.251484811305999755859375
-0.987262725830078125
-1.242746829986572265625
-0.577261030673980712890625
-1.02706968784332275390625
-1.06676375865936279296875
-1.4686167240142822265625
0.022859163582324981689453125
-0.4616537392139434814453125
-2.1452963352203369140625
-0.59573638439178466796875
0.87405383586883544921875
-0.597728431224822998046875
-2.083648204803466796875
0.16310827434062957763671875
-1.891264438629150390625
0.74776732921600341796875
-0.013334495015442371368408203125
-0.5642511844635009765625
-0.12816850841045379638671875
0.348169028759002685546875
-2.0875527858734130859375
-0.35391330718994140625
0.40327560901641845703125
-1.83945310115814208984375
0.3441605865955352783203125
-0.771524608135223388671875
-0.81634056568145751953125
-0.569991290569305419921875
-0.5965301990509033203125
0.668402969837188720703125
0.61333882808685302734375
-2.0484354496002197265625
-0.271370589733123779296875
0.099007494747638702392578125
-1.7902069091796875
-0.84488356113433837890625
-0.911455571651458740234375
0.329154074192047119140625
-1.1819489002227783203125
0.3258864879608154296875
-1.15226352214813232421875
-2.3615829944610595703125
0.087654411792755126953125
-0.430867135524749755859375
1.1196362972259521484375
-1.511558055877685546875
-0.39349091053009033203125
-1.302075862884521484375
-0.755733072757720947265625
0.00560857169330120086669921875
-1.596968173980712890625
0.309747159481048583984375
0.255044639110565185546875
-0.591768741607666015625
0.084210932254791259765625
-1.20447409152984619140625
-0.909070491790771484375
-0.968677580356597900390625
-0.4718349874019622802734375
-0.00084274890832602977752685546875
-1.2412586212158203125
-1.547927379608154296875
0.835801899433135986328125
-0.984547138214111328125
-1.11106967926025390625
-0.68385922908782958984375
-0.2544061839580535888671875
-0.54169571399688720703125
-1.133617877960205078125
0.2777710855007171630859375
1.289342403411865234375
-1.31949770450592041015625
0.510418474674224853515625
-1.7305600643157958984375
-1.1371467113494873046875
-0.3157776296138763427734375
0.608130156993865966796875
0.11560003459453582763671875
0.0931474864482879638671875
-0.455081164836883544921875
0.3490492999553680419921875
-0.898430645465850830078125
-0.616378009319305419921875
0.2688623964786529541015625
-1.023900508880615234375
1.0067403316497802734375
-0.24375116825103759765625
-0.83521330356597900390625
-1.18023049831390380859375
0.79180777072906494140625
-0.86567795276641845703125
-0.94699466228485107421875
0.1390865147113800048828125
-0.0511465482413768768310546875
-0.4462684094905853271484375
1.0367348194122314453125
-0.3870217800140380859375
1.9985415935516357421875
-0.080639667809009552001953125
0.314161241054534912109375
0.1758675277233123779296875
-0.269760310649871826171875
0.345645010471343994140625
-0.340177595615386962890625
0.786401331424713134765625
1.62301480770111083984375
-1.3296425342559814453125
-0.424295842647552490234375
-0.0088509619235992431640625
1.35645210742950439453125
0.656922280788421630859375
1.7859814167022705078125
1.0269305706024169921875
-0.3471405804157257080078125
0.276754319667816162109375
0.602649629116058349609375
0.087192930281162261962890625
-0.622944056987762451171875
0.4347048699855804443359375
0.5664386749267578125
-0.4361287057399749755859375
0.59112727642059326171875
-0.562837421894073486328125
0.137791216373443603515625
0.67000377178192138671875
0.4433215558528900146484375
0.954570829868316650390625
0.4843027889728546142578125
-0.773875534534454345703125
0.21455408632755279541015625
1.28391540050506591796875
-0.642181873321533203125
1.5536205768585205078125
0.17857517302036285400390625
0.418309152126312255859375
2.0691721439361572265625
1.25941741466522216796875
0.119934022426605224609375
1.28562033176422119140625
2.1623980998992919921875
0.4482896625995635986328125
-0.15179526805877685546875
-0.03066323138773441314697265625
0.070970036089420318603515625
0.094282038509845733642578125
0.77690041065216064453125
-0.474400997161865234375
1.54873859882354736328125
-0.4985234737396240234375
-0.00520890392363071441650390625
1.92420852184295654296875
0.99450528621673583984375
-0.073590330779552459716796875
0.089270390570163726806640625
0.503765285015106201171875
1.08399295806884765625
-1.4185521602630615234375
0.625750362873077392578125
-0.06476749479770660400390625
-1.93423736095428466796875
0.669614970684051513671875
0.733280003070831298828125
1.27732765674591064453125
0.85841381549835205078125
0.995243132114410400390625
1.30521380901336669921875
0.2988480627536773681640625
-0.11421906948089599609375
0.774297535419464111328125
0.20783792436122894287109375
0.937535703182220458984375
-0.22864614427089691162109375
1.2954313755035400390625
0.712731301784515380859375
0.987616479396820068359375
0.937408506870269775390625
1.11990010738372802734375
0.6425101757049560546875
1.005066394805908203125
1.49329912662506103515625
0.4292806088924407958984375
-0.4953173696994781494140625
0.13275562226772308349609375
0.117322556674480438232421875
0.4584404528141021728515625
-0.01090877316892147064208984375
1.16458809375762939453125
0.4082504808902740478515625
0.380316317081451416015625
1.1369144916534423828125
1.16054713726043701171875
0.766128599643707275390625
1.04651558399200439453125
0.829954326152801513671875
1.04687559604644775390625
0.13515007495880126953125
-0.4232591092586517333984375
1.9388639926910400390625
0.291558563709259033203125
-0.1870467960834503173828125
0.3004828989505767822265625
0.752474308013916015625
0.2025010883808135986328125
0.916465818881988525390625
1.567450046539306640625
0.667363226413726806640625
-0.41526758670806884765625
-0.4640040695667266845703125
-0.4433090686798095703125
0.857849419116973876953125
-0.4276420772075653076171875
-0.02301708050072193145751953125
0.474575936794281005859375
0.3197625577449798583984375
-0.54980182647705078125
2.180296421051025390625
0.077246837317943572998046875
0.59379673004150390625
0.631241381168365478515625
0.846364676952362060546875
-0.001500192680396139621734619140625
0.909507334232330322265625
-1.84222400188446044921875
1.11567437648773193359375
-1.0001811981201171875
0.681147873401641845703125
-0.338210523128509521484375
1.75707721710205078125
-0.0022752843797206878662109375
0.91916429996490478515625
-0.08134543895721435546875
-0.681790769100189208984375
0.515381157398223876953125
-1.0453395843505859375
-1.12069165706634521484375
-1.28865706920623779296875
0.15861703455448150634765625
-0.0176471658051013946533203125
-1.47823894023895263671875
1.16109144687652587890625
-0.068902246654033660888671875
0.0638286769390106201171875
0.374141275882720947265625
1.33460581302642822265625
0.4113538265228271484375
-0.3518841564655303955078125
-0.65210926532745361328125
-0.16080915927886962890625
-1.05160915851593017578125
-0.952908992767333984375
1.487188816070556640625
-0.2701713144779205322265625
-0.17530684173107147216796875
-0.1588830649852752685546875
0.65428340435028076171875
0.093855150043964385986328125
-0.680341184139251708984375
0.09172643721103668212890625
-0.643622934818267822265625
0.913424909114837646484375
-0.77525532245635986328125
0.3194148540496826171875
-0.257877051830291748046875
-1.9538147449493408203125
0.4598753154277801513671875
-0.4441765248775482177734375
0.547221720218658447265625
1.3460686206817626953125
0.338271677494049072265625
1.13414287567138671875
-0.3790873587131500244140625
1.0026319026947021484375
-0.12927354872226715087890625
-0.630251705646514892578125
0.62008202075958251953125
0.545844852924346923828125
-0.3384853303432464599609375
0.359408855438232421875
0.082319609820842742919921875
0.700194299221038818359375
1.00760948657989501953125
1.27298820018768310546875
0.2778232395648956298828125
1.70538175106048583984375
-0.540839850902557373046875
0.4198376238346099853515625
-0.702078998088836669921875
-0.1467958986759185791015625
1.96016705036163330078125
-0.655073463916778564453125
0.4031561911106109619140625
-0.3295216858386993408203125
-1.0125668048858642578125
0.18158161640167236328125
-0.08458964526653289794921875
1.53197491168975830078125
0.0479458384215831756591796875
-0.827166616916656494140625
0.1055234372615814208984375
1.8245449066162109375
-0.560757339000701904296875
-0.332975864410400390625
-0.067325927317142486572265625
0.685056507587432861328125
1.42518031597137451171875
1.30274784564971923828125
0.50900232791900634765625
0.619312703609466552734375
0.46033573150634765625
1.68110477924346923828125
1.28505432605743408203125
0.77004611492156982421875
-0.370814800262451171875
0.3691938221454620361328125
1.86195838451385498046875
-2.07256412506103515625
1.4282324314117431640625
0.050915293395519256591796875
0.930535852909088134765625
0.18567229807376861572265625
1.878674030303955078125
0.4543602764606475830078125
1.532652378082275390625
-0.2917101085186004638671875
2.0248997211456298828125
1.068508625030517578125
0.02202226780354976654052734375
-0.3650638163089752197265625
0.69153058528900146484375
0.05874820053577423095703125
-0.23973445594310760498046875
1.58740651607513427734375
0.075420118868350982666015625
0.4213918745517730712890625
1.09407866001129150390625
1.51212203502655029296875
0.4010805189609527587890625
1.21298444271087646484375
0.5469624996185302734375
1.28094804286956787109375
1.759826183319091796875
-0.769786417484283447265625
0.905706465244293212890625
-0.054856352508068084716796875
0.823896229267120361328125
1.51956927776336669921875
0.192840635776519775390625
0.4573145806789398193359375
0.735223710536956787109375
1.44585216045379638671875
0.429784297943115234375
0.907067716121673583984375
0.509510457515716552734375
0.3958801925182342529296875
0.6427326202392578125
0.390544354915618896484375
-1.2261135578155517578125
1.5557482242584228515625
0.804095447063446044921875
0.6575167179107666015625
0.499825894832611083984375
0.1366944611072540283203125
0.91478443145751953125
0.673829257488250732421875
-0.102357752621173858642578125
0.0057025249116122722625732421875
0.449413001537322998046875
0.09977473318576812744140625
1.003280162811279296875
0.3712299168109893798828125
0.460027754306793212890625
0.789134442806243896484375
0.4309758245944976806640625
1.5788242816925048828125
-0.5847136974334716796875
1.7560245990753173828125
0.4552088677883148193359375
1.3128626346588134765625
1.71410083770751953125
0.847668707370758056640625
0.4100891053676605224609375
0.301075279712677001953125
-0.859381616115570068359375
1.05568563938140869140625
0.812881648540496826171875
0.2032126486301422119140625
1.19670355319976806640625
0.486202418804168701171875
1.67589581012725830078125
0.990102231502532958984375
0.19684211909770965576171875
0.4609331786632537841796875
2.0665414333343505859375
-0.043998278677463531494140625
1.0468914508819580078125
-0.276926457881927490234375
0.78370571136474609375
0.8800537586212158203125
1.06621396541595458984375
0.368354380130767822265625
1.66964244842529296875
-0.069763086736202239990234375
2.0605294704437255859375
0.841106593608856201171875
0.64930212497711181640625
-0.105237103998661041259765625
2.678144931793212890625
0.864624202251434326171875
-0.536585330963134765625
0.67493593692779541015625
0.955982029438018798828125
0.277442395687103271484375
0.3951081335544586181640625
0.872372686862945556640625
0.62663519382476806640625
0.585756480693817138671875
1.5276525020599365234375
0.20722775161266326904296875
1.47256910800933837890625
0.428956449031829833984375
0.601553618907928466796875
0.977011263370513916015625
-0.38588428497314453125
-0.17795057594776153564453125
1.22104549407958984375
-0.109518729150295257568359375
1.3678328990936279296875
0.084319122135639190673828125
1.5517580509185791015625
0.42436826229095458984375
0.098303981125354766845703125
0.929411828517913818359375
-0.36771929264068603515625
-0.09331847727298736572265625
-1.20648682117462158203125
-1.51523649692535400390625
-1.653879642486572265625
0.60118710994720458984375
-1.040753841400146484375
-0.2220164835453033447265625
0.767836511135101318359375
0.1047580540180206298828125
0.19130600988864898681640625
-1.24585139751434326171875
0.422729790210723876953125
1.80815303325653076171875
0.5818965435028076171875
-0.1502836048603057861328125
-0.613302886486053466796875
-0.0779214799404144287109375
-0.837224066257476806640625
-0.063156150281429290771484375
-1.339099884033203125
-1.46413338184356689453125
0.21128530800342559814453125
0.122271992266178131103515625
1.8771846294403076171875
-0.9072453975677490234375
-0.009969164617359638214111328125
-0.7763397693634033203125
-1.14087402820587158203125
-0.0255614817142486572265625
-1.35163116455078125
-0.3344166278839111328125
-1.62352657318115234375
0.43571650981903076171875
-0.60419952869415283203125
-0.12752892076969146728515625
-0.744207203388214111328125
-0.887499392032623291015625
-0.3008412420749664306640625
-0.330592930316925048828125
-0.088770389556884765625
-0.714310467243194580078125
-1.9049627780914306640625
0.6938502788543701171875
-1.9743804931640625
-1.47026193141937255859375
0.12334232032299041748046875
-1.60210740566253662109375
0.669896781444549560546875
-0.3898584544658660888671875
-0.4811538159847259521484375
0.885659754276275634765625
-0.432409763336181640625
-0.710498273372650146484375
-0.940015614032745361328125
-0.1440731585025787353515625
-1.83191144466400146484375
0.1914225518703460693359375
-2.2557995319366455078125
-0.14979057013988494873046875
-1.39755344390869140625
0.3954476416110992431640625
-1.30489885807037353515625
-0.4247981011867523193359375
1.412450313568115234375
-0.2806289494037628173828125
-1.25187551975250244140625
-1.202533245086669921875
1.09829580783843994140625
-0.708317220211029052734375
-1.2523872852325439453125
-1.2320668697357177734375
-0.54898655414581298828125
-1.05567038059234619140625
-2.5987818241119384765625
1.444278717041015625
0.64219319820404052734375
-1.06756114959716796875
-1.232755184173583984375
-1.55697977542877197265625
-2.1326014995574951171875
-1.2601191997528076171875
-0.974666893482208251953125
-1.6708047389984130859375
-1.2762429714202880859375
-1.32838189601898193359375
-0.607498228549957275390625
-2.6072366237640380859375
-0.1606437861919403076171875
0.4577895700931549072265625
-0.276958942413330078125
0.669851779937744140625
-0.77611541748046875
-1.9001915454864501953125
0.379100024700164794921875
-0.993827402591705322265625
-2.6906673908233642578125
-0.89298915863037109375
-0.684848725795745849609375
-0.804556310176849365234375
-1.4559853076934814453125
-0.25140416622161865234375
0.534558594226837158203125
-0.458362579345703125
-0.794599711894989013671875
-0.15769480168819427490234375
-1.4956204891204833984375
-1.1944406032562255859375
-0.8845119476318359375
-1.47446215152740478515625
-2.4469544887542724609375
-2.9977872371673583984375
0.3019494712352752685546875
-1.28111851215362548828125
-2.1733455657958984375
-0.4300020635128021240234375
-0.687901437282562255859375
1.36124980449676513671875
-0.934627354145050048828125
0.538247406482696533203125
-0.907045781612396240234375
-1.89842069149017333984375
-0.75563967227935791015625
-2.047215938568115234375
-0.880992233753204345703125
-1.69261157512664794921875
-1.54564368724822998046875
0.21206231415271759033203125
1.30135262012481689453125
-0.5447540283203125
0.368928134441375732421875
-1.37087094783782958984375
-2.26168346405029296875
-0.15933437645435333251953125
-1.9093415737152099609375
-0.838480472564697265625
-1.94419038295745849609375
-1.24934995174407958984375
-1.093585491180419921875
-0.12598337233066558837890625
0.576816141605377197265625
0.4113725125789642333984375
1.23438704013824462890625
0.23567523062229156494140625
1.01018202304840087890625
-1.12843286991119384765625
-0.313024699687957763671875
-1.0653703212738037109375
0.24188934266567230224609375
-0.6410539150238037109375
-0.680808842182159423828125
-1.77506363391876220703125
-0.83105456829071044921875
-0.06201149523258209228515625
-1.087154865264892578125
1.69311392307281494140625
1.1620838642120361328125
0.3575482666492462158203125
-2.218731403350830078125
0.15871883928775787353515625
-0.949125766754150390625
-1.422101497650146484375
0.2045665085315704345703125
-1.6257574558258056640625
0.1610426604747772216796875
0.80527591705322265625
-1.0076415538787841796875
1.29397690296173095703125
0.838979184627532958984375
1.54253256320953369140625
3.517584323883056640625
-3.5175838470458984375
